211
355
363
397
418
216
348
359
330
386
295
493
343
334
490
279
439
289
463
490
382
437
245
457
367
285
246
355
488
403
219
312
457
314
256
343
376
254
380
446
268
307
257
449
408
203
208
269
414
295
307
467
298
337
290
251
344
283
279
305
205
276
357
215
225
319
288
452
235
365
221
466
492
403
455
231
416
344
321
336
295
444
229
262
467
479
209
348
390
429
480
373
364
391
212
321
439
457
380
290
312
251
329
479
456
410
317
209
205
243
317
243
433
249
236
482
402
411
360
208
498
436
203
405
408
376
343
368
457
345
271
236
312
272
262
464
242
346
463
257
421
451
255
492
254
348
224
205
206
430
234
470
295
239
385
454
219
246
269
415
387
252
470
228
344
300
440
495
363
488
497
387
387
263
272
360
234
200
282
485
295
238
210
268
261
407
228
388
232
484
334
251
403
443
403
425
287
292
362
406
243
390
446
442
447
488
430
357
455
496
242
285
300
294
234
306
227
214
230
500
424
302
317
251
415
379
354
274
422
441
430
446
309
200
361
288
416
255
383
398
264
240
493
349
277
499
370
444
397
401
316
417
439
446
400
301
403
275
457
254
284
331
209
222
242
312
268
362
379
397
263
477
380
398
377
286
484
342
400
214
203
400
458
362
461
385
253
259
423
276
499
350
323
457
479
454
481
446
232
304
473
229
460
496
449
358
447
455
471
335
350
265
298
401
498
334
484
466
213
235
299
267
477
291
351
495
404
381
255
487
376
212
392
321
299
396
453
289
205
322
233
311
365
379
296
411
345
359
476
217
371
454
200
457
235
222
499
246
448
282
498
347
226
244
283
390
474
460
235
246
272
288
434
257
494
281
245
265
494
367
343
365
200
453
222
458
367
384
309
445
283
443
226
472
496
434
333
231
375
441
466
375
276
209
498
478
458
245
221
264
312
460
362
261
479
444
325
437
483
384
364
460
313
377
238
224
340
242
485
411
315
456
211
435
314
371
205
285
440
288
433
208
472
224
474
386
287
232
397
495
473
384
407
272
356
247
375
222
392
444
230
459
244
303
500
341
458
371
479
433
285
459
394
217
263
469
473
368
456
261
282
335
215
448
469
499
205
496
213
401
217
495
375
499
386
447
225
206
340
318
You requested 500 numbers [between 200 and 500]
The largest value generated was 500
The smallest value generated was 200
The average value generated was 350.768
