29995
21500
9901
31116
19235
7907
8486
22303
5949
25395
8967
31940
16381
19037
11974
430
4581
6939
17461
10963
5531
4788
32664
24179
19735
21509
28643
23761
8618
7959
31877
1020
31732
32661
21695
30346
17081
31861
4952
19921
1017
4098
3005
21664
23008
5058
4430
19518
27238
21021
14959
18606
2009
17142
2338
5205
3975
15005
8093
6870
1319
17065
31488
15357
20107
16041
7033
29891
12274
5646
5816
4003
19330
415
374
6790
11351
9026
19844
14805
12475
30372
12196
8462
9004
26966
13081
2131
14209
20608
22975
12193
27512
25656
29260
30289
2343
5701
23724
1300
You requested 100 numbers [between 0 and 32767]
The largest value generated was 32664
The smallest value generated was 374
The average value generated was 15136.8
